2022
100
(100)
81
(81)
71
(71)
58
(58)
49
(49)
36
(36)
30
(30)
2021
100
(100)
90
(90)
76
(76)
65
(65)
51
(51)
36
(36)
2020
100
(100)
82
(82)
72
(72)
59
(59)
49
(49)
45
(45)
2019
100
(100)
81
(81)
70
(70)
58
(58)
51
(51)
38
(38)
2018
100
(100)
85
(85)
76
(76)
63
(63)
55
(55)
38
(38)
2017
100
(100)
86
(86)
74
(74)
61
(61)
58
(58)
44
(44)
2016
100
(100)
86
(86)
77
(77)
64
(64)
52
(52)
39
(39)
2015
100
(100)
97
(97)
80
(80)
74
(74)
60
(60)
57
(57)
2014
100
(100)
84
(84)
76
(76)
65
(65)
55
(55)
53
(53)
2013
100
(100)
82
(82)
72
(72)
67
(67)
48
(48)
55
(55)
2012
100
(100)
90
(90)
83
(83)
65
(65)
62
(62)
58
(58)